00000000
01000101
01100000
00100000

00100000
00101101
00000000
00110000

10001100
11001001
00000000
00000101

10101100
11001100
00000000
00001010

00010001
00001001
00000000
00000011

00000000
00100010
00011000
00100000

00000000
00100010
00011000
00100010

00000000
00100010
00011000
00100100
00100000
00000001
00000000
00000000
00100000
00000010
00000000
00000101
00100000
00000011
00000000
00000000
00000000
00000000
00000000
00000000
00000000
00000000
00000000
00000000
00000000
00000000
00000000
00000000
00100000
01001000
11111111
11111111
00000000
00000000
00000000
00000000
00000000
00000000
00000000
00000000
00000000
00000000
00000000
00000000
00000000
01101000
01001000
00101010
00000000
00000000
00000000
00000000
00000000
00000000
00000000
00000000
00000000
00000000
00000000
00000000
00010001
00100000
00000000
00111101
00000000
00000000
00000000
00000000
00100000
01000101
11111111
11111111
00000000
00000000
00000000
00000000
00000000
00000000
00000000
00000000
00000000
00000000
00000000
00000000
00000000
10100011
00101000
00100010
00100000
00000100
00000000
00000000
00000000
00000000
00000000
00000000
00000000
00000000
00000000
00000000
00000000
00000000
00000000
00000000
00000000
10000101
01001000
00101010
00000000
00000000
00000000
00000000
00000000
00000000
00000000
00000000
00000000
00000000
00000000
00000000
00010001
00100000
00000000
00101011
00000000
00000000
00000000
00000000
00000000
10000100
01010000
00100000
00000000
00000000
00000000
00000000
00000000
00000000
00000000
00000000
00000001
01001010
01010000
00100000
00000000
00000000
00000000
00000000
00000000
00000000
00000000
00000000
00000000
00101010
01010000
00100000
00000000
00000000
00000000
00000000
00000000
00000000
00000000
00000000
00000000
00000000
00000000
00000000
10001101
01000110
00000000
00000000
00100000
10001011
00000000
00000001
00000000
00000000
00000000
00000000
00000000
00000000
00000000
00000000
00000001
01101011
01011000
00100000
00000000
00000000
00000000
00000000
00000000
00000000
00000000
00000000
00000001
01101011
01011000
00100000
00000000
00000000
00000000
00000000
00000000
00000000
00000000
00000000
00000000
00101011
01011000
00100000
00000000
00000000
00000000
00000000
00000000
00000000
00000000
00000000
00000000
00000000
00000000
00000000
10001101
01100111
00000000
00000000
00000000
00000000
00000000
00000000
00000000
00000000
00000000
00000000
00000000
00000000
00000000
00000000
00000000
11100110
01001000
00101010
00000000
00000000
00000000
00000000
00000000
00000000
00000000
00000000
00000000
00000000
00000000
00000000
00010001
00100000
00000000
00000110
00000000
00000000
00000000
00000000
10101101
01000111
00000000
00000000
10101101
01100110
00000000
00000000
00000000
00000000
00000000
00000000
00000000
00000000
00000000
00000000
00000000
00000000
00000000
00000000
00100000
10000100
00000000
00000001
00001000
00000000
00000000
00011001
00000000
00000000
00000000
00000000
00100000
01100011
00000000
00000001
00001000
00000000
00000000
00000110
00000000
00000000
00000000
00000000
00001000
00000000
00000000
01001100
00000000
00000000
00000000
00000000
